# Длина волны, мкм       Поток * длина волны, эрг/(с*см^2)
3.649999999999999911e-01 5.333903000000000239e-12
4.450000000000000067e-01 2.153054999999999978e-11
5.510000000000000453e-01 6.821656000000000271e-11
6.580000000000000293e-01 1.839109999999999970e-10
1.219999999999999973e+00 1.191132000000000018e-09
1.629999999999999893e+00 1.783413999999999979e-09
2.189999999999999947e+00 1.607596000000000080e-09
3.450000000000000178e+00 9.349419000000000675e-10
4.750000000000000000e+00 6.032084999999999648e-10
1.200000000000000000e+01 7.774117000000000318e-10
2.500000000000000000e+01 3.211276999999999973e-09
6.000000000000000000e+01 2.246047999999999894e-09
1.000000000000000000e+02 9.567562999999999710e-10
