# Длина волны, мкм       Поток * длина волны, эрг/(с*см^2)
4.450000000000000067e-01 3.766689999999999776e-13
5.510000000000000453e-01 5.025376999999999823e-13
6.580000000000000293e-01 2.716794000000000147e-11
1.219999999999999973e+00 1.088248000000000025e-09
1.629999999999999893e+00 2.329585999999999983e-09
2.189999999999999947e+00 2.706370999999999939e-09
3.450000000000000178e+00 1.193424000000000035e-09
4.750000000000000000e+00 6.329006999999999711e-10
1.200000000000000000e+01 3.752239000000000199e-08
2.500000000000000000e+01 4.021060000000000009e-08
6.000000000000000000e+01 1.821520000000000021e-07
1.000000000000000000e+02 1.821520000000000021e-07
