# Длина волны, мкм       Поток * длина волны, эрг/(с*см^2)
3.649999999999999911e-01 3.839787000000000267e-11
4.450000000000000067e-01 1.318864999999999922e-10
5.510000000000000453e-01 3.356420999999999881e-10
6.580000000000000293e-01 8.640938999999999623e-10
1.219999999999999973e+00 3.108045999999999795e-09
1.629999999999999893e+00 3.254773999999999952e-09
2.189999999999999947e+00 2.250369000000000049e-09
4.750000000000000000e+00 2.956545999999999749e-10
1.200000000000000000e+01 3.343544000000000257e-08
2.500000000000000000e+01 1.635646999999999863e-08
6.000000000000000000e+01 5.749092999999999929e-08
1.000000000000000000e+02 4.359122000000000035e-08
