# Длина волны, мкм       Поток * длина волны, эрг/(с*см^2)
4.450000000000000067e-01 3.687753000000000190e-11
5.510000000000000453e-01 9.400959999999999556e-11
6.580000000000000293e-01 1.764674000000000104e-10
8.060000000000000497e-01 3.320850999999999765e-10
1.219999999999999973e+00 5.194703999999999891e-10
1.629999999999999893e+00 5.200151000000000192e-10
2.189999999999999947e+00 3.883044999999999798e-10
3.450000000000000178e+00 1.637501999999999894e-10
1.200000000000000000e+01 4.873059999999999998e-11
2.500000000000000000e+01 3.292794000000000277e-11
6.000000000000000000e+01 7.090055000000000125e-12
1.000000000000000000e+02 3.344274000000000135e-11
