# Длина волны, мкм       Поток * длина волны, эрг/(с*см^2)
4.450000000000000067e-01 1.431970000000000071e-10
5.510000000000000453e-01 2.824094000000000257e-10
6.580000000000000293e-01 4.578016000000000045e-10
8.060000000000000497e-01 6.484171999999999557e-10
1.219999999999999973e+00 9.003560000000000494e-10
1.629999999999999893e+00 9.095997999999999798e-10
2.189999999999999947e+00 6.254301000000000114e-10
3.450000000000000178e+00 2.450987999999999912e-10
4.750000000000000000e+00 1.929319000000000108e-10
1.050000000000000000e+01 1.028370000000000038e-10
2.100000000000000000e+01 8.436821999999999530e-11
1.200000000000000000e+01 1.218682999999999895e-10
2.500000000000000000e+01 7.513544000000000281e-11
6.000000000000000000e+01 2.250308000000000068e-11
1.000000000000000000e+02 2.733520000000000090e-11
