# Длина волны, мкм       Поток * длина волны, эрг/(с*см^2)
3.649999999999999911e-01 7.395988999999999698e-12
4.450000000000000067e-01 4.041761999999999717e-11
5.510000000000000453e-01 1.171423000000000050e-10
6.580000000000000293e-01 2.081232999999999931e-10
8.060000000000000497e-01 3.290550000000000078e-10
1.219999999999999973e+00 4.246011000000000011e-10
1.629999999999999893e+00 4.211681000000000193e-10
2.189999999999999947e+00 2.740933999999999791e-10
3.450000000000000178e+00 9.361545999999999862e-11
1.050000000000000000e+01 3.964027999999999838e-11
1.200000000000000000e+01 4.612287999999999986e-11
2.500000000000000000e+01 2.691441999999999953e-11
6.000000000000000000e+01 2.015909999999999879e-11
1.000000000000000000e+02 4.244289999999999801e-11
