# Длина волны, мкм       Поток * длина волны, эрг/(с*см^2)
3.649999999999999911e-01 8.180617000000000219e-12
4.450000000000000067e-01 2.419027999999999939e-11
5.510000000000000453e-01 7.075621000000000593e-11
6.580000000000000293e-01 1.377782000000000092e-10
8.060000000000000497e-01 3.086044999999999862e-10
1.219999999999999973e+00 4.130840999999999984e-10
1.629999999999999893e+00 3.949928999999999916e-10
2.189999999999999947e+00 2.523889999999999853e-10
3.450000000000000178e+00 9.981914000000000516e-11
1.200000000000000000e+01 5.591330000000000248e-11
2.500000000000000000e+01 5.066014999999999876e-11
6.000000000000000000e+01 1.559574999999999885e-11
1.000000000000000000e+02 8.518297999999999818e-11
