# Длина волны, мкм       Поток * длина волны, эрг/(с*см^2)
3.649999999999999911e-01 4.113573000000000328e-12
4.450000000000000067e-01 2.700296999999999919e-11
5.510000000000000453e-01 7.826261999999999676e-11
6.580000000000000293e-01 1.482612000000000081e-10
8.060000000000000497e-01 2.894250000000000113e-10
1.219999999999999973e+00 3.284854999999999820e-10
1.629999999999999893e+00 3.112332999999999865e-10
2.189999999999999947e+00 1.934748999999999902e-10
3.450000000000000178e+00 5.303129999999999760e-11
1.200000000000000000e+01 1.549495000000000073e-11
2.500000000000000000e+01 2.082187999999999852e-11
6.000000000000000000e+01 4.995505999999999939e-11
