# Длина волны, мкм       Поток * длина волны, эрг/(с*см^2)
3.649999999999999911e-01 9.199017000000000484e-11
4.450000000000000067e-01 4.034358999999999903e-10
5.510000000000000453e-01 8.800548999999999860e-10
6.580000000000000293e-01 1.266357000000000035e-09
8.060000000000000497e-01 1.577615000000000037e-09
1.219999999999999973e+00 1.944504999999999997e-09
1.629999999999999893e+00 1.492170999999999934e-09
2.189999999999999947e+00 8.779538999999999537e-10
3.450000000000000178e+00 2.384506000000000244e-10
1.050000000000000000e+01 1.785661000000000140e-11
1.200000000000000000e+01 1.278178999999999940e-11
2.500000000000000000e+01 1.581587999999999985e-11
