# Длина волны, мкм       Поток * длина волны, эрг/(с*см^2)
4.450000000000000067e-01 9.462317000000000754e-10
5.510000000000000453e-01 1.281523000000000063e-09
6.580000000000000293e-01 1.592496999999999903e-09
8.060000000000000497e-01 1.793633000000000066e-09
1.219999999999999973e+00 1.807015999999999998e-09
1.629999999999999893e+00 1.893745999999999966e-09
2.189999999999999947e+00 1.778281000000000096e-09
3.450000000000000178e+00 1.082045999999999967e-09
4.750000000000000000e+00 1.286614999999999904e-09
1.050000000000000000e+01 6.490956000000000058e-10
2.100000000000000000e+01 6.110145000000000307e-10
1.200000000000000000e+01 6.116850000000000441e-10
2.500000000000000000e+01 4.366927999999999812e-10
6.000000000000000000e+01 1.659878000000000097e-10
1.000000000000000000e+02 5.051752000000000021e-11
