# Длина волны, мкм       Поток * длина волны, эрг/(с*см^2)
3.649999999999999911e-01 5.669574000000000334e-12
4.450000000000000067e-01 3.522552000000000276e-11
5.510000000000000453e-01 1.088594999999999951e-10
6.580000000000000293e-01 2.024779999999999909e-10
8.060000000000000497e-01 3.540916000000000080e-10
1.219999999999999973e+00 6.070660000000000210e-10
1.629999999999999893e+00 6.189462000000000479e-10
2.189999999999999947e+00 3.918802000000000071e-10
3.450000000000000178e+00 1.104088000000000019e-10
1.050000000000000000e+01 7.683464999999999714e-12
1.200000000000000000e+01 2.612770000000000145e-11
2.500000000000000000e+01 1.246206999999999922e-11
6.000000000000000000e+01 5.144206000000000063e-12
1.000000000000000000e+02 1.520355999999999989e-11
