# Длина волны, мкм       Поток * длина волны, эрг/(с*см^2)
5.510000000000000453e-01 1.414880999999999997e-13
6.580000000000000293e-01 3.190290999999999901e-13
8.060000000000000497e-01 6.763424999999999527e-13
1.219999999999999973e+00 1.482431999999999958e-11
1.629999999999999893e+00 4.258264000000000201e-11
2.189999999999999947e+00 1.797949999999999980e-10
3.450000000000000178e+00 3.668600000000000132e-10
4.750000000000000000e+00 1.384508999999999897e-09
1.050000000000000000e+01 7.447697000000000115e-10
1.200000000000000000e+01 9.584986999999999463e-10
2.100000000000000000e+01 1.599723999999999965e-09
2.500000000000000000e+01 1.945634999999999972e-09
6.000000000000000000e+01 2.368834999999999916e-09
1.000000000000000000e+02 1.819578000000000021e-09
