# Длина волны, мкм       Поток * длина волны, эрг/(с*см^2)
4.450000000000000067e-01 4.899699999999999893e-11
5.510000000000000453e-01 1.260551999999999971e-10
6.580000000000000293e-01 3.321590999999999909e-10
8.060000000000000497e-01 6.664954000000000061e-10
1.219999999999999973e+00 8.065728000000000005e-10
1.629999999999999893e+00 8.768529999999999498e-10
2.189999999999999947e+00 7.110681999999999496e-10
3.450000000000000178e+00 4.020770999999999763e-10
4.750000000000000000e+00 2.968286999999999968e-10
1.050000000000000000e+01 1.086512999999999953e-10
2.100000000000000000e+01 6.647766000000000575e-11
1.200000000000000000e+01 1.153467999999999956e-10
2.500000000000000000e+01 9.025321000000000333e-11
6.000000000000000000e+01 5.945883999999999668e-11
1.000000000000000000e+02 1.197958999999999944e-11
