# Длина волны, мкм       Поток * длина волны, эрг/(с*см^2)
3.649999999999999911e-01 3.170748999999999821e-10
4.450000000000000067e-01 8.955959999999999542e-10
5.510000000000000453e-01 1.671753000000000069e-09
6.580000000000000293e-01 2.340324000000000076e-09
8.060000000000000497e-01 2.942399000000000191e-09
1.219999999999999973e+00 3.938563000000000226e-09
1.629999999999999893e+00 5.049833999999999749e-09
2.189999999999999947e+00 6.073512000000000275e-09
3.450000000000000178e+00 4.240317999999999874e-09
4.750000000000000000e+00 4.642729000000000253e-09
1.050000000000000000e+01 3.913481999999999825e-09
1.200000000000000000e+01 4.389544999999999652e-09
2.500000000000000000e+01 3.133774000000000060e-09
6.000000000000000000e+01 8.408026999999999631e-10
1.000000000000000000e+02 4.009807000000000110e-10
