# Длина волны, мкм       Поток * длина волны, эрг/(с*см^2)
3.649999999999999911e-01 1.010059000000000069e-11
4.450000000000000067e-01 4.723303999999999843e-11
5.510000000000000453e-01 1.319670000000000107e-10
6.580000000000000293e-01 2.344619000000000214e-10
8.060000000000000497e-01 3.706979000000000254e-10
1.219999999999999973e+00 4.445141999999999931e-10
1.629999999999999893e+00 4.658491000000000224e-10
2.189999999999999947e+00 3.709095000000000104e-10
3.450000000000000178e+00 1.949032000000000058e-10
1.050000000000000000e+01 5.413610999999999681e-11
1.200000000000000000e+01 8.142011000000000051e-11
2.500000000000000000e+01 5.707134000000000105e-11
6.000000000000000000e+01 2.209429999999999886e-11
1.000000000000000000e+02 2.038607999999999910e-11
