# Длина волны, мкм       Поток * длина волны, эрг/(с*см^2)
4.450000000000000067e-01 1.181231999999999877e-10
5.510000000000000453e-01 2.204931999999999919e-10
6.580000000000000293e-01 3.811180000000000068e-10
8.060000000000000497e-01 5.970717000000000114e-10
1.219999999999999973e+00 1.052179000000000074e-09
1.629999999999999893e+00 1.438451000000000041e-09
2.189999999999999947e+00 1.931205000000000053e-09
3.450000000000000178e+00 2.093485000000000035e-09
4.750000000000000000e+00 2.990133000000000018e-09
1.050000000000000000e+01 1.812043000000000005e-09
2.100000000000000000e+01 1.904065999999999988e-09
1.200000000000000000e+01 2.419143000000000111e-09
2.500000000000000000e+01 2.781736999999999821e-09
6.000000000000000000e+01 1.718713999999999986e-09
1.000000000000000000e+02 1.308153000000000001e-09
