# Длина волны, мкм       Поток * длина волны, эрг/(с*см^2)
4.450000000000000067e-01 2.336219000000000145e-12
5.510000000000000453e-01 1.262865000000000032e-11
6.580000000000000293e-01 3.680713999999999699e-11
1.219999999999999973e+00 6.413886999999999939e-10
1.629999999999999893e+00 1.006098000000000055e-09
2.189999999999999947e+00 1.084006999999999936e-09
3.450000000000000178e+00 6.073645999999999770e-10
1.050000000000000000e+01 5.503673000000000005e-10
1.200000000000000000e+01 3.161575999999999816e-10
2.500000000000000000e+01 2.519546999999999923e-10
6.000000000000000000e+01 1.556717999999999959e-10
1.000000000000000000e+02 1.648075000000000019e-10
