# Длина волны, мкм       Поток * длина волны, эрг/(с*см^2)
3.649999999999999911e-01 4.024064999999999793e-10
4.450000000000000067e-01 9.997302000000000846e-10
5.510000000000000453e-01 1.497618999999999934e-09
6.580000000000000293e-01 1.698027999999999960e-09
8.060000000000000497e-01 1.621600000000000066e-09
1.219999999999999973e+00 1.121904000000000058e-09
1.629999999999999893e+00 7.855179000000000467e-10
2.189999999999999947e+00 4.216968999999999958e-10
3.450000000000000178e+00 1.134870000000000006e-10
1.050000000000000000e+01 5.133315000000000125e-12
1.200000000000000000e+01 3.346457000000000147e-11
2.500000000000000000e+01 2.460210999999999845e-12
6.000000000000000000e+01 3.532660000000000015e-12
1.000000000000000000e+02 2.448790000000000030e-11
