# Длина волны, мкм       Поток * длина волны, эрг/(с*см^2)
4.450000000000000067e-01 1.023842999999999922e-12
5.510000000000000453e-01 5.049725999999999843e-12
6.580000000000000293e-01 2.370551000000000084e-11
8.060000000000000497e-01 7.522202000000000263e-11
1.219999999999999973e+00 1.729234000000000069e-10
1.629999999999999893e+00 4.658491000000000224e-10
2.189999999999999947e+00 7.308932000000000337e-10
3.450000000000000178e+00 9.259135999999999695e-10
4.750000000000000000e+00 1.545490999999999911e-09
1.050000000000000000e+01 1.427793000000000014e-09
2.100000000000000000e+01 2.672853000000000055e-09
1.200000000000000000e+01 3.654279000000000012e-09
2.500000000000000000e+01 4.690584000000000188e-09
6.000000000000000000e+01 2.924795000000000135e-09
1.000000000000000000e+02 1.460256999999999955e-09
