# Длина волны, мкм       Поток * длина волны, эрг/(с*см^2)
4.450000000000000067e-01 3.889116999999999775e-10
5.510000000000000453e-01 3.210788000000000224e-10
6.580000000000000293e-01 5.704514999999999920e-10
8.060000000000000497e-01 1.103434000000000018e-09
1.219999999999999973e+00 1.980481999999999986e-09
1.629999999999999893e+00 2.094649999999999999e-09
2.189999999999999947e+00 1.794656000000000053e-09
3.450000000000000178e+00 9.090937999999999818e-10
4.750000000000000000e+00 8.998989999999999548e-10
1.050000000000000000e+01 2.619390999999999997e-10
2.100000000000000000e+01 1.371405999999999886e-10
1.200000000000000000e+01 2.491153000000000155e-10
2.500000000000000000e+01 1.414251000000000114e-10
6.000000000000000000e+01 3.246964999999999706e-11
1.000000000000000000e+02 2.057380999999999875e-11
