# Длина волны, мкм       Поток * длина волны, эрг/(с*см^2)
3.649999999999999911e-01 4.001994999999999650e-12
4.450000000000000067e-01 1.755131000000000026e-11
5.510000000000000453e-01 5.626551000000000266e-11
6.580000000000000293e-01 1.685621999999999879e-10
8.060000000000000497e-01 4.100246000000000153e-10
1.219999999999999973e+00 8.840005000000000019e-10
1.629999999999999893e+00 6.189462000000000479e-10
2.189999999999999947e+00 5.351846000000000256e-10
3.450000000000000178e+00 2.496336000000000053e-10
1.050000000000000000e+01 1.353867999999999982e-10
1.200000000000000000e+01 1.264195999999999901e-10
2.500000000000000000e+01 7.444987000000000132e-11
6.000000000000000000e+01 2.882212999999999888e-11
1.000000000000000000e+02 1.032645999999999936e-10
