# Длина волны, мкм       Поток * длина волны, эрг/(с*см^2)
3.649999999999999911e-01 4.591873000000000017e-12
4.450000000000000067e-01 1.333162000000000050e-11
5.510000000000000453e-01 3.793708000000000136e-11
6.580000000000000293e-01 9.120956000000000541e-11
8.060000000000000497e-01 2.947799000000000090e-10
1.219999999999999973e+00 6.532554999999999886e-10
1.629999999999999893e+00 6.189462000000000479e-10
2.189999999999999947e+00 4.028059999999999943e-10
3.450000000000000178e+00 1.188093999999999909e-10
1.200000000000000000e+01 2.021324999999999932e-11
2.500000000000000000e+01 1.096119000000000047e-11
6.000000000000000000e+01 1.756944000000000031e-11
1.000000000000000000e+02 6.248830000000000143e-12
