# Длина волны, мкм       Поток * длина волны, эрг/(с*см^2)
3.649999999999999911e-01 1.038220000000000074e-11
4.450000000000000067e-01 2.905753000000000008e-11
5.510000000000000453e-01 8.656536999999999427e-11
6.580000000000000293e-01 1.881615000000000124e-10
8.060000000000000497e-01 3.540916000000000080e-10
1.219999999999999973e+00 5.194703999999999891e-10
1.629999999999999893e+00 6.246458000000000144e-10
2.189999999999999947e+00 5.551715000000000200e-10
3.450000000000000178e+00 3.110600999999999896e-10
1.050000000000000000e+01 1.066775000000000046e-10
1.200000000000000000e+01 1.174808999999999939e-10
2.500000000000000000e+01 7.176958000000000447e-11
6.000000000000000000e+01 4.009019000000000045e-11
