# Длина волны, мкм       Поток * длина волны, эрг/(с*см^2)
3.649999999999999911e-01 1.954207999999999987e-11
4.450000000000000067e-01 9.393183000000000205e-11
5.510000000000000453e-01 2.011806000000000073e-10
6.580000000000000293e-01 2.894894000000000157e-10
8.060000000000000497e-01 3.413438999999999838e-10
1.219999999999999973e+00 3.109072999999999816e-10
1.629999999999999893e+00 2.638942999999999807e-10
2.189999999999999947e+00 1.442900000000000001e-10
3.450000000000000178e+00 3.478654000000000295e-11
1.200000000000000000e+01 2.565307000000000148e-11
2.500000000000000000e+01 7.390592999999999627e-12
6.000000000000000000e+01 3.050757000000000104e-12
