# Длина волны, мкм       Поток * длина волны, эрг/(с*см^2)
3.649999999999999911e-01 5.505686999999999782e-11
4.450000000000000067e-01 1.058192000000000062e-10
5.510000000000000453e-01 2.372697000000000063e-10
6.580000000000000293e-01 4.101159000000000127e-10
8.060000000000000497e-01 6.425007000000000207e-10
1.219999999999999973e+00 1.142660999999999969e-09
1.629999999999999893e+00 1.438451000000000041e-09
2.189999999999999947e+00 1.535699000000000075e-09
3.450000000000000178e+00 1.043091000000000074e-09
4.750000000000000000e+00 1.051643999999999931e-09
1.050000000000000000e+01 6.200178000000000176e-10
1.200000000000000000e+01 4.864134000000000276e-10
2.500000000000000000e+01 2.637710000000000190e-10
6.000000000000000000e+01 7.615537000000000127e-11
1.000000000000000000e+02 9.082786000000000351e-11
