# Длина волны, мкм       Поток * длина волны, эрг/(с*см^2)
3.649999999999999911e-01 2.201519000000000083e-11
4.450000000000000067e-01 1.138706000000000007e-10
5.510000000000000453e-01 2.956539000000000103e-10
6.580000000000000293e-01 4.926341000000000494e-10
8.060000000000000497e-01 7.238110000000000144e-10
1.219999999999999973e+00 8.921408000000000301e-10
1.629999999999999893e+00 8.530688999999999926e-10
2.189999999999999947e+00 4.838533999999999868e-10
3.450000000000000178e+00 1.326237999999999996e-10
1.200000000000000000e+01 1.549495000000000073e-11
2.500000000000000000e+01 2.082187999999999852e-11
6.000000000000000000e+01 3.565190000000000079e-12
