# Длина волны, мкм       Поток * длина волны, эрг/(с*см^2)
3.649999999999999911e-01 2.373371000000000187e-12
4.450000000000000067e-01 5.092009999999999827e-12
5.510000000000000453e-01 1.184378999999999996e-11
6.580000000000000293e-01 1.991646999999999864e-11
1.219999999999999973e+00 5.388704000000000461e-10
1.629999999999999893e+00 6.189462000000000479e-10
2.189999999999999947e+00 4.838533999999999868e-10
3.450000000000000178e+00 2.097326000000000105e-10
1.200000000000000000e+01 1.575272999999999902e-10
2.500000000000000000e+01 1.762251000000000101e-10
6.000000000000000000e+01 8.579304999999999823e-11
1.000000000000000000e+02 5.486179999999999712e-11
