# Длина волны, мкм       Поток * длина волны, эрг/(с*см^2)
5.510000000000000453e-01 1.759808000000000007e-12
1.219999999999999973e+00 2.495108999999999764e-10
1.629999999999999893e+00 5.544752999999999826e-10
2.189999999999999947e+00 8.463463999999999675e-10
3.450000000000000178e+00 6.242982999999999802e-10
4.750000000000000000e+00 5.795767999999999915e-10
1.050000000000000000e+01 2.346549000000000227e-10
2.100000000000000000e+01 4.556830999999999771e-10
1.200000000000000000e+01 2.806416000000000186e-10
2.500000000000000000e+01 4.919574999999999527e-10
6.000000000000000000e+01 3.787534000000000086e-10
1.000000000000000000e+02 2.963153000000000180e-10
