# Длина волны, мкм       Поток * длина волны, эрг/(с*см^2)
3.649999999999999911e-01 5.455450000000000145e-11
4.450000000000000067e-01 1.029489000000000021e-10
5.510000000000000453e-01 2.697582000000000022e-10
6.580000000000000293e-01 4.926341000000000494e-10
8.060000000000000497e-01 7.172067000000000313e-10
1.219999999999999973e+00 1.252351999999999937e-09
1.629999999999999893e+00 1.492170999999999934e-09
2.189999999999999947e+00 1.114229999999999987e-09
3.450000000000000178e+00 5.644198999999999691e-10
4.750000000000000000e+00 4.651249000000000034e-10
1.050000000000000000e+01 2.434182999999999989e-10
2.100000000000000000e+01 5.793785000000000197e-11
1.200000000000000000e+01 3.132728000000000083e-10
2.500000000000000000e+01 2.040619000000000023e-10
6.000000000000000000e+01 1.528439999999999946e-10
1.000000000000000000e+02 1.574246000000000035e-10
