# Длина волны, мкм       Поток * длина волны, эрг/(с*см^2)
4.450000000000000067e-01 7.005259999999999496e-11
5.510000000000000453e-01 1.585195999999999879e-10
6.580000000000000293e-01 5.063689999999999706e-10
1.219999999999999973e+00 1.397966999999999956e-09
1.629999999999999893e+00 1.386664000000000083e-09
2.189999999999999947e+00 1.255238999999999991e-09
3.450000000000000178e+00 7.097814000000000363e-10
4.750000000000000000e+00 6.067579000000000353e-10
1.050000000000000000e+01 3.293993000000000042e-10
2.100000000000000000e+01 1.409641999999999918e-10
1.200000000000000000e+01 3.340327000000000164e-10
2.500000000000000000e+01 2.136320999999999875e-10
6.000000000000000000e+01 1.171661999999999981e-10
1.000000000000000000e+02 3.533355000000000306e-11
