# Длина волны, мкм       Поток * длина волны, эрг/(с*см^2)
3.649999999999999911e-01 6.686617000000000325e-12
4.450000000000000067e-01 2.089039000000000061e-11
5.510000000000000453e-01 6.947087999999999771e-11
6.580000000000000293e-01 1.537981999999999963e-10
8.060000000000000497e-01 3.810332000000000134e-10
1.219999999999999973e+00 9.688608999999999790e-10
1.629999999999999893e+00 9.349600000000000470e-10
2.189999999999999947e+00 6.084657000000000446e-10
3.450000000000000178e+00 2.362749000000000130e-10
4.750000000000000000e+00 1.506328999999999948e-10
1.050000000000000000e+01 1.674683999999999854e-11
1.200000000000000000e+01 8.761507000000000100e-11
2.500000000000000000e+01 5.759688000000000206e-11
6.000000000000000000e+01 2.466327999999999869e-11
1.000000000000000000e+02 3.107811999999999804e-11
