# Длина волны, мкм       Поток * длина волны, эрг/(с*см^2)
3.649999999999999911e-01 2.925028000000000247e-11
4.450000000000000067e-01 1.380416999999999949e-10
5.510000000000000453e-01 3.095196000000000093e-10
6.580000000000000293e-01 4.578016000000000045e-10
8.060000000000000497e-01 5.599641999999999925e-10
1.219999999999999973e+00 5.388704000000000461e-10
1.629999999999999893e+00 4.615984999999999751e-10
2.189999999999999947e+00 2.642256000000000207e-10
3.450000000000000178e+00 7.242402000000000102e-11
4.750000000000000000e+00 3.412050999999999796e-11
2.500000000000000000e+01 3.682405000000000201e-12
6.000000000000000000e+01 2.516568999999999876e-12
