# Длина волны, мкм       Поток * длина волны, эрг/(с*см^2)
3.649999999999999911e-01 1.672227999999999930e-11
4.450000000000000067e-01 3.755983000000000274e-11
5.510000000000000453e-01 9.574894000000000095e-11
6.580000000000000293e-01 1.797323999999999986e-10
8.060000000000000497e-01 2.665065999999999945e-10
1.219999999999999973e+00 6.714686999999999562e-10
1.629999999999999893e+00 1.072770000000000008e-09
2.189999999999999947e+00 1.427114999999999988e-09
3.450000000000000178e+00 9.963629999999999848e-10
4.750000000000000000e+00 9.683689999999999261e-10
1.050000000000000000e+01 3.385830999999999886e-10
2.100000000000000000e+01 2.702415999999999822e-10
1.200000000000000000e+01 5.842831999999999578e-10
2.500000000000000000e+01 4.656314000000000057e-10
6.000000000000000000e+01 1.922076000000000115e-10
1.000000000000000000e+02 7.091448999999999786e-11
