# Длина волны, мкм       Поток * длина волны, эрг/(с*см^2)
4.450000000000000067e-01 3.427004999999999815e-11
5.510000000000000453e-01 5.999410000000000586e-11
6.580000000000000293e-01 1.008858000000000054e-10
8.060000000000000497e-01 1.340112000000000056e-10
1.219999999999999973e+00 1.930298999999999984e-10
1.629999999999999893e+00 3.140993000000000157e-10
2.189999999999999947e+00 4.065153000000000096e-10
3.450000000000000178e+00 4.287217999999999991e-10
1.050000000000000000e+01 2.571807999999999811e-10
2.100000000000000000e+01 3.793543999999999944e-10
1.200000000000000000e+01 3.594480000000000185e-10
2.500000000000000000e+01 2.236511000000000126e-10
6.000000000000000000e+01 6.576672999999999557e-11
