# Длина волны, мкм       Поток * длина волны, эрг/(с*см^2)
4.450000000000000067e-01 4.680207000000000194e-11
5.510000000000000453e-01 1.020940000000000018e-10
6.580000000000000293e-01 1.987998999999999951e-10
8.060000000000000497e-01 3.508606999999999814e-10
1.219999999999999973e+00 5.852108999999999648e-10
1.629999999999999893e+00 6.909133999999999935e-10
2.189999999999999947e+00 7.176160000000000167e-10
3.450000000000000178e+00 3.805606999999999926e-10
1.050000000000000000e+01 1.750012000000000109e-10
1.200000000000000000e+01 1.892228999999999877e-10
2.500000000000000000e+01 1.507970000000000119e-10
6.000000000000000000e+01 1.049619000000000033e-10
1.000000000000000000e+02 5.796361000000000246e-11
