# Длина волны, мкм       Поток * длина волны, эрг/(с*см^2)
4.450000000000000067e-01 1.400812000000000060e-13
5.510000000000000453e-01 4.658391000000000481e-13
6.580000000000000293e-01 1.529546999999999965e-12
8.060000000000000497e-01 5.127950000000000177e-12
1.219999999999999973e+00 1.621763999999999922e-10
1.629999999999999893e+00 4.329105000000000117e-10
2.189999999999999947e+00 8.158767999999999924e-10
3.450000000000000178e+00 7.850809000000000201e-10
4.750000000000000000e+00 5.576878000000000064e-09
1.050000000000000000e+01 6.087547999999999708e-10
2.100000000000000000e+01 1.030296999999999922e-09
1.200000000000000000e+01 5.581089000000000103e-10
2.500000000000000000e+01 3.256773000000000247e-10
6.000000000000000000e+01 9.232073000000000541e-11
