# Длина волны, мкм       Поток * длина волны, эрг/(с*см^2)
4.450000000000000067e-01 5.673666000000000030e-11
5.510000000000000453e-01 1.171423000000000050e-10
6.580000000000000293e-01 2.790673999999999973e-10
8.060000000000000497e-01 4.332068000000000100e-10
1.219999999999999973e+00 5.242539000000000274e-10
1.629999999999999893e+00 6.909133999999999935e-10
2.189999999999999947e+00 6.254301000000000114e-10
3.450000000000000178e+00 4.406748000000000197e-10
4.750000000000000000e+00 4.053742999999999926e-10
1.050000000000000000e+01 1.626274999999999898e-10
2.100000000000000000e+01 8.832493999999999381e-11
1.200000000000000000e+01 3.903589999999999752e-10
2.500000000000000000e+01 2.637710000000000190e-10
6.000000000000000000e+01 7.827862999999999762e-11
1.000000000000000000e+02 8.440572999999999965e-11
