# Длина волны, мкм       Поток * длина волны, эрг/(с*см^2)
3.649999999999999911e-01 2.693407000000000137e-11
4.450000000000000067e-01 5.673666000000000030e-11
5.510000000000000453e-01 1.319670000000000107e-10
6.580000000000000293e-01 2.302026999999999985e-10
8.060000000000000497e-01 3.573523000000000213e-10
1.219999999999999973e+00 6.965451999999999575e-10
1.629999999999999893e+00 7.927514000000000093e-10
2.189999999999999947e+00 6.084657000000000446e-10
3.450000000000000178e+00 3.226769000000000110e-10
4.750000000000000000e+00 1.911715000000000103e-10
1.050000000000000000e+01 1.190812999999999918e-10
1.200000000000000000e+01 1.023891999999999983e-10
2.500000000000000000e+01 7.176958000000000447e-11
6.000000000000000000e+01 5.837872999999999999e-11
1.000000000000000000e+02 8.287244999999999955e-11
