# Длина волны, мкм       Поток * длина волны, эрг/(с*см^2)
3.649999999999999911e-01 2.161525999999999932e-11
4.450000000000000067e-01 8.809403999999999568e-11
5.510000000000000453e-01 2.245726999999999880e-10
6.580000000000000293e-01 3.574317999999999795e-10
8.060000000000000497e-01 4.747928999999999642e-10
1.219999999999999973e+00 6.413886999999999939e-10
1.629999999999999893e+00 6.599624000000000039e-10
2.189999999999999947e+00 4.973435000000000414e-10
3.450000000000000178e+00 1.949032000000000058e-10
1.050000000000000000e+01 5.413610999999999681e-11
1.200000000000000000e+01 6.903600000000000593e-11
2.500000000000000000e+01 3.292794000000000277e-11
6.000000000000000000e+01 4.860006000000000123e-11
1.000000000000000000e+02 4.825446999999999684e-11
