# Длина волны, мкм       Поток * длина волны, эрг/(с*см^2)
3.649999999999999911e-01 4.549974999999999906e-12
4.450000000000000067e-01 2.353413000000000122e-11
5.510000000000000453e-01 6.820888999999999533e-11
6.580000000000000293e-01 1.280363999999999943e-10
8.060000000000000497e-01 2.454031000000000063e-10
1.219999999999999973e+00 4.653611000000000237e-10
1.629999999999999893e+00 3.878174999999999897e-10
2.189999999999999947e+00 2.500861000000000097e-10
3.450000000000000178e+00 7.793449999999999593e-11
1.050000000000000000e+01 6.623180999999999827e-11
1.200000000000000000e+01 5.101598000000000130e-11
2.500000000000000000e+01 3.543330999999999859e-11
6.000000000000000000e+01 1.709288000000000097e-11
1.000000000000000000e+02 3.565891999999999968e-11
