# Длина волны, мкм       Поток * длина волны, эрг/(с*см^2)
3.649999999999999911e-01 2.435073999999999929e-11
4.450000000000000067e-01 8.492253999999999531e-11
5.510000000000000453e-01 2.245726999999999880e-10
6.580000000000000293e-01 3.881693999999999789e-10
8.060000000000000497e-01 6.250733000000000112e-10
1.219999999999999973e+00 8.840005000000000019e-10
1.629999999999999893e+00 7.712485000000000380e-10
2.189999999999999947e+00 6.084657000000000446e-10
3.450000000000000178e+00 2.341190000000000060e-10
4.750000000000000000e+00 2.095230999999999969e-10
1.050000000000000000e+01 6.933796000000000155e-11
1.200000000000000000e+01 8.681563000000000133e-11
2.500000000000000000e+01 7.444987000000000132e-11
6.000000000000000000e+01 3.624501999999999857e-11
