# Длина волны, мкм       Поток * длина волны, эрг/(с*см^2)
3.649999999999999911e-01 1.734678999999999863e-11
4.450000000000000067e-01 1.038969000000000049e-10
5.510000000000000453e-01 3.011240000000000243e-10
6.580000000000000293e-01 5.810058000000000493e-10
8.060000000000000497e-01 1.187389999999999970e-09
1.219999999999999973e+00 1.663926000000000030e-09
1.629999999999999893e+00 1.562150999999999934e-09
2.189999999999999947e+00 9.447542999999999953e-10
3.450000000000000178e+00 2.589563000000000129e-10
1.050000000000000000e+01 1.272055999999999927e-11
1.200000000000000000e+01 2.811566000000000099e-11
2.500000000000000000e+01 1.701924999999999980e-11
