# Длина волны, мкм       Поток * длина волны, эрг/(с*см^2)
4.450000000000000067e-01 1.400812000000000060e-13
5.510000000000000453e-01 9.264092000000000306e-13
6.580000000000000293e-01 2.127526000000000037e-12
8.060000000000000497e-01 5.883788999999999740e-12
1.219999999999999973e+00 3.741492999999999919e-11
1.629999999999999893e+00 1.017226000000000004e-10
2.189999999999999947e+00 1.340876999999999898e-10
3.450000000000000178e+00 6.854838999999999969e-11
4.750000000000000000e+00 8.225854999999999870e-11
1.050000000000000000e+01 1.317144999999999901e-10
2.100000000000000000e+01 1.251287999999999908e-10
1.200000000000000000e+01 1.504705000000000027e-10
2.500000000000000000e+01 1.896333999999999937e-10
6.000000000000000000e+01 1.446647999999999997e-10
1.000000000000000000e+02 7.988892999999999773e-11
