# Длина волны, мкм       Поток * длина волны, эрг/(с*см^2)
3.649999999999999911e-01 9.386408000000000246e-12
4.450000000000000067e-01 3.042026999999999756e-11
5.510000000000000453e-01 8.499284999999999928e-11
6.580000000000000293e-01 1.685621999999999879e-10
8.060000000000000497e-01 3.057886999999999844e-10
1.219999999999999973e+00 6.239913999999999634e-10
1.629999999999999893e+00 6.539406000000000031e-10
2.189999999999999947e+00 5.759048000000000274e-10
3.450000000000000178e+00 3.139245000000000258e-10
1.050000000000000000e+01 1.596732999999999950e-10
1.200000000000000000e+01 1.927239000000000100e-10
2.500000000000000000e+01 1.467067000000000110e-10
6.000000000000000000e+01 6.282055999999999622e-11
