# Длина волны, мкм       Поток * длина волны, эрг/(с*см^2)
3.649999999999999911e-01 3.618151000000000059e-12
4.450000000000000067e-01 8.353286999999999725e-12
5.510000000000000453e-01 2.312575000000000089e-11
6.580000000000000293e-01 5.509235999999999932e-11
8.060000000000000497e-01 1.189568999999999896e-10
1.219999999999999973e+00 2.235211999999999891e-10
1.629999999999999893e+00 2.278954999999999964e-10
2.189999999999999947e+00 1.733220999999999996e-10
3.450000000000000178e+00 7.045955999999999951e-11
1.200000000000000000e+01 4.094160000000000237e-11
2.500000000000000000e+01 2.433297000000000027e-11
6.000000000000000000e+01 1.805928000000000138e-11
1.000000000000000000e+02 1.697132999999999934e-11
