# Длина волны, мкм       Поток * длина волны, эрг/(с*см^2)
4.450000000000000067e-01 1.820678000000000010e-11
5.510000000000000453e-01 4.273812999999999896e-11
6.580000000000000293e-01 8.955267999999999965e-11
8.060000000000000497e-01 1.639534999999999912e-10
1.219999999999999973e+00 3.024741000000000050e-10
1.629999999999999893e+00 4.097442000000000190e-10
2.189999999999999947e+00 4.334541000000000014e-10
3.450000000000000178e+00 2.406463999999999808e-10
1.050000000000000000e+01 1.582163000000000071e-10
1.200000000000000000e+01 1.634102999999999997e-10
2.500000000000000000e+01 1.401346000000000043e-10
6.000000000000000000e+01 3.864688999999999831e-11
1.000000000000000000e+02 5.098271000000000178e-11
