# Длина волны, мкм       Поток * длина волны, эрг/(с*см^2)
3.649999999999999911e-01 5.816969999999999921e-11
4.450000000000000067e-01 1.471894000000000005e-10
5.510000000000000453e-01 3.181491999999999853e-10
6.580000000000000293e-01 4.971705000000000049e-10
8.060000000000000497e-01 1.301374000000000060e-09
1.219999999999999973e+00 7.292118999999999931e-10
1.629999999999999893e+00 6.303978000000000376e-10
2.189999999999999947e+00 3.918802000000000071e-10
3.450000000000000178e+00 1.232464000000000036e-10
1.050000000000000000e+01 1.224013999999999926e-10
1.200000000000000000e+01 6.903600000000000593e-11
2.500000000000000000e+01 1.210182999999999873e-10
6.000000000000000000e+01 1.486982000000000087e-10
1.000000000000000000e+02 1.023224000000000043e-10
