# Длина волны, мкм       Поток * длина волны, эрг/(с*см^2)
3.649999999999999911e-01 2.845687999999999981e-11
4.450000000000000067e-01 5.621897000000000072e-11
5.510000000000000453e-01 1.319670000000000107e-10
6.580000000000000293e-01 2.617236000000000122e-10
8.060000000000000497e-01 4.576996999999999885e-10
1.219999999999999973e+00 1.436944000000000037e-09
1.629999999999999893e+00 1.650472999999999911e-09
2.189999999999999947e+00 1.714260999999999939e-09
3.450000000000000178e+00 1.052696000000000063e-09
1.050000000000000000e+01 7.379740999999999487e-10
2.100000000000000000e+01 6.696693000000000089e-10
1.200000000000000000e+01 9.497529000000000487e-10
2.500000000000000000e+01 8.070413000000000387e-10
6.000000000000000000e+01 3.684800000000000035e-10
1.000000000000000000e+02 2.778996000000000192e-10
