# Длина волны, мкм       Поток * длина волны, эрг/(с*см^2)
3.649999999999999911e-01 9.971793000000000495e-10
4.450000000000000067e-01 2.715189000000000104e-09
5.510000000000000453e-01 4.457871999999999844e-09
6.580000000000000293e-01 5.389358999999999773e-09
8.060000000000000497e-01 5.589384999999999926e-09
1.219999999999999973e+00 5.528798999999999862e-09
1.629999999999999893e+00 4.958100000000000074e-09
2.189999999999999947e+00 4.020681999999999620e-09
3.450000000000000178e+00 2.093485000000000035e-09
4.750000000000000000e+00 2.072311000000000166e-09
1.050000000000000000e+01 1.290849000000000037e-09
2.100000000000000000e+01 1.473049000000000090e-09
1.200000000000000000e+01 9.155605000000000459e-10
2.500000000000000000e+01 1.519067999999999991e-09
6.000000000000000000e+01 6.747652999999999880e-10
1.000000000000000000e+02 2.205816000000000109e-09
