# Длина волны, мкм       Поток * длина волны, эрг/(с*см^2)
3.649999999999999911e-01 5.465461000000000192e-12
4.450000000000000067e-01 2.069977999999999927e-11
5.510000000000000453e-01 5.999410000000000586e-11
6.580000000000000293e-01 1.257105000000000024e-10
8.060000000000000497e-01 2.894250000000000113e-10
1.219999999999999973e+00 4.445141999999999931e-10
1.629999999999999893e+00 4.023009000000000247e-10
2.189999999999999947e+00 2.500861000000000097e-10
3.450000000000000178e+00 7.793449999999999593e-11
1.200000000000000000e+01 3.346457000000000147e-11
2.500000000000000000e+01 2.324292000000000089e-11
6.000000000000000000e+01 2.399430000000000006e-11
1.000000000000000000e+02 2.968591000000000068e-11
