# Длина волны, мкм       Поток * длина волны, эрг/(с*см^2)
4.450000000000000067e-01 3.358587999999999962e-10
5.510000000000000453e-01 4.675501999999999640e-10
6.580000000000000293e-01 6.367800000000000489e-10
8.060000000000000497e-01 8.229201000000000191e-10
1.219999999999999973e+00 1.071646000000000086e-09
1.629999999999999893e+00 1.399434000000000029e-09
2.189999999999999947e+00 1.827861000000000043e-09
3.450000000000000178e+00 1.634503000000000017e-09
4.750000000000000000e+00 1.663080999999999915e-09
1.050000000000000000e+01 7.655342999999999669e-10
1.200000000000000000e+01 7.906655000000000341e-10
2.500000000000000000e+01 5.056735999999999814e-10
6.000000000000000000e+01 2.698134000000000208e-10
1.000000000000000000e+02 1.873741000000000096e-10
