# Длина волны, мкм       Поток * длина волны, эрг/(с*см^2)
4.450000000000000067e-01 1.306547000000000079e-10
5.510000000000000453e-01 2.329594999999999853e-10
6.580000000000000293e-01 3.640448999999999761e-10
8.060000000000000497e-01 4.704606000000000328e-10
1.219999999999999973e+00 5.960383000000000178e-10
1.629999999999999893e+00 6.189462000000000479e-10
2.189999999999999947e+00 4.707292000000000416e-10
3.450000000000000178e+00 2.097326000000000105e-10
1.050000000000000000e+01 9.297358999999999461e-11
1.200000000000000000e+01 7.921163999999999386e-11
2.500000000000000000e+01 3.883475999999999799e-11
6.000000000000000000e+01 1.709288000000000097e-11
1.000000000000000000e+02 1.793087000000000112e-11
