# Длина волны, мкм       Поток * длина волны, эрг/(с*см^2)
3.649999999999999911e-01 1.270190000000000023e-11
4.450000000000000067e-01 3.014270999999999930e-11
5.510000000000000453e-01 8.193299000000000225e-11
6.580000000000000293e-01 1.797323999999999986e-10
8.060000000000000497e-01 3.508606999999999814e-10
1.219999999999999973e+00 7.704405000000000342e-10
1.629999999999999893e+00 1.082647999999999961e-09
2.189999999999999947e+00 1.054604000000000094e-09
3.450000000000000178e+00 6.186018999999999998e-10
1.050000000000000000e+01 2.220978000000000103e-10
1.200000000000000000e+01 2.656236000000000194e-10
2.500000000000000000e+01 1.338569999999999907e-10
6.000000000000000000e+01 3.073209999999999746e-11
