# Длина волны, мкм       Поток * длина волны, эрг/(с*см^2)
3.649999999999999911e-01 1.925756000000000148e-08
4.450000000000000067e-01 3.735382000000000037e-08
5.510000000000000453e-01 3.055729000000000005e-08
6.580000000000000293e-01 2.468113999999999941e-08
8.060000000000000497e-01 1.757824000000000071e-08
1.219999999999999973e+00 1.238651999999999953e-08
1.629999999999999893e+00 1.239950999999999951e-08
2.189999999999999947e+00 1.464216999999999929e-08
3.450000000000000178e+00 9.157846000000000555e-09
4.750000000000000000e+00 7.275067999999999966e-09
1.050000000000000000e+01 5.105159000000000279e-09
2.100000000000000000e+01 7.530360999999999531e-09
1.200000000000000000e+01 6.941671999999999890e-09
2.500000000000000000e+01 5.898603999999999910e-09
6.000000000000000000e+01 5.355922000000000067e-09
1.000000000000000000e+02 3.393682999999999933e-09
